一、主营业务收入	1	8,406,216.30 	11,831,083.55 	44,731,367.24	3,424,867.25	40.74	32,900,283.69	278.08
      减：主营业务成本	2	4,821,379.67 	7,286,658.64 	28,757,055.80	2,465,278.97	51.13	21,470,397.16	294.65
          主营业务税金及附加	3	126,870.75 	145,268.20 	22,683.58	18,397.45	14.50	-122,584.62	-84.39
二、主营业务利润（亏损以“－”号填列）	4	3,457,965.88 	4,399,156.71 	15,951,627.86 	941,190.83	27.22	11,552,471.15	262.61
              加：其他业务利润（亏损以“－”号填列）	5				0.00	#DIV/0!	0.00	#DIV/0!
      减：营业费用 	6	341,897.59 	403,335.26 	3,775,876.13	61,437.67	17.97	3,372,540.87	836.16
          管理费用	7	317,245.70 	1,427,563.50 	2,986,632.69	1,110,317.80	349.99	1,559,069.19	109.21
          财务费用	8	130,740.57 	166,534.83 	48,729.65	35,794.26	27.38	-117,805.18	-70.74
三、营业利润（亏损以“－”号填列）	9	2,668,082.02 	2,401,723.12 	9,140,389.39 	-266,358.90	-9.98	6,738,666.27	280.58
     加：投资收益（损失以“－”号填列）	10	-72,581.66 	35,757.71 	-150,418.33	108,339.37	-149.27	-186,176.04	-520.66
         补贴收入	11				0.00	#DIV/0!	0.00	#DIV/0!
         营业外收入	12	0.48 		100,000.64	-0.48	-100.00	100,000.64	#DIV/0!
     减：营业外支出    	13	13.41 			-13.41	-100.00	0.00	#DIV/0!
四、利润总额（亏损以“－”号填列）	14	2,595,487.43 	2,437,480.83 	9,089,971.70 	-158,006.60	-6.09	6,652,490.87	272.92
      减：所得税	15	622,191.16 	618,309.64 	2,272,492.93	-3,881.52	-0.62	1,654,183.29	267.53
          少数股东权益	16				0.00	#DIV/0!	0.00	#DIV/0!
五、净利润（亏损以“－”号填列）	17	1,973,296.27 	1,819,171.19 	6,817,478.77 	-154,125.08	-7.81	4,998,307.58	274.76
     加：年初未分配利润	18	37,755.51 	2,011,051.78 	697,211.69 	1,973,296.27	5,226.51	-1,313,840.09	-65.33
        其他转入	19				0.00	#DIV/0!	0.00	#DIV/0!
六、可供分配的利润	20	2,011,051.78 	3,830,222.97 	7,393,620.51	1,819,171.19	90.46	3,563,397.54	93.03
     减：提取法定盈余公积	21		77,467.97 	681,747.88	77,467.97	#DIV/0!	604,279.91	780.04
         提取法定公益金	22				0.00	#DIV/0!	0.00	#DIV/0!
         提取职工奖励及福利基金	23				0.00	#DIV/0!	0.00	#DIV/0!
         提取储备基金	24				0.00	#DIV/0!	0.00	#DIV/0!
         提取企业发展基金	25				0.00	#DIV/0!	0.00	#DIV/0!
         利润归还投资	26				0.00	#DIV/0!	0.00	#DIV/0!
七、可供投资者分配的利润	27	2,011,051.78 	3,752,755.00 	6,711,872.63 	1,741,703.22	86.61	2,959,117.63	78.85
     减：应付优先股股利	28				0.00	#DIV/0!	0.00	#DIV/0!
         提取任意盈余公积	29				0.00	#DIV/0!	0.00	#DIV/0!
         应付普通股股利	30			6,653,275.00	0.00	#DIV/0!	6,653,275.00	#DIV/0!
         转作资本（或股本）的普通股股利	31		3,055,543.31 		3,055,543.31	#DIV/0!	-3,055,543.31	-100.00
八、未分配利润	32	2,011,051.78 	697,211.69 	58,597.63 	-1,313,840.09	-65.33	-638,614.06	-91.60

